34.16424314464095	14.757446694675142
35.031256044774636	15.99266395860763
35.55289039843788	16.84409915881057
37.08175420903386	17.872253240373354
38.58877779286827	18.885694410615535
42.2211584042431	19.04637635286032
45.89109744213283	19.05399750948908
49.43153957159687	18.91696869494228
53.31871643688572	18.30233984457283
56.93232655087297	17.930323159285663
60.61265490566741	17.558734248892527
64.29465670748006	17.12606452233479
67.97477588139722	16.76211071396223
71.65552259794622	16.375251599527942
75.33919784677707	15.881501056805604
79.02245473385338	15.403020718124417
82.70539784961377	14.935993032474094
86.38907309844464	14.442242489751756
90.07253916639822	13.956127049049993
93.75454096821086	13.523457322492256
97.5051959339455	13.02059067713823
101.1605480919932	12.342811165823534
104.8142477211104	11.725348960471383
108.93800815859842	11.000172200079096
112.39075817796041	10.410440057723044
115.6745005075272	9.900379681999489
119.2175364798695	9.66867560239756
122.78041674476935	8.712654844443744
126.06910620208376	8.022024305933598
129.60782956200617	7.9477305796558575
133.212643620104	7.626142871627604
136.64261732827856	6.920551368139872
140.00635817275563	5.926188762548559
142.79829257481597	4.925816467827492
145.0986932810728	3.947046417882916
146.85981323446936	3.3988413862358904
150.05025043372717	3.4528341083739917
153.74008605939383	3.95205159332394
157.3974045176879	4.42032390519406
160.76179614711648	4.755342962403411
163.5319213675137	5.8074885895232775
166.48039033015647	6.574510066923253
170.16799469313216	7.155168640092668
172.97593619144575	8.18015543679492
175.11826712656529	9.143492146516547
177.26081720355623	10.098830177930903
179.40251810579537	11.085163087785936
181.54438336443812	12.065496988910517
183.68676908502547	13.02683402905533
185.82734688517354	14.05416016523511
187.96846340908888	15.061822883909525
190.4830829037633	15.967980305191464
193.5602389736763	16.773895964587958
196.2459540931987	17.388858458456664
198.38965466501463	18.302203428757863
200.5323143129413	19.25354212101859
203.0090313947693	20.190002297663924
206.31776928968262	21.203247351149358
209.95964322653782	22.235244695538597
213.60744395491582	23.050914149344877
217.2743847335646	23.167971768268544
220.93016919875865	23.692234828289543
224.5800268724299	24.432825778893505
228.2665609265835	23.834728841889977
231.95072426412804	23.32316306111963
235.6308085745656	22.960481769750498
238.99310064778155	22.018999315190563
242.35423060501267	21.119934094078268
245.8797964877544	20.30806650271648
249.4037307596534	19.555752707115175
253.09378602524123	18.8291315527653
256.6519945838819	18.043628073270998
259.9587382877652	17.235271660408685
263.4986520418281	16.576274422590206
267.1705085710929	16.513907144030355
270.8528241442214	16.069784764441756
274.4044365325321	15.525041501996252
277.6964240750115	14.714030854961699
281.24280345504224	14.36029239473092
284.987761728219	14.065355027737215
288.6056914273221	13.535673485725177
292.2790470862073	13.418587976017879
295.96164156717225	12.964285460401843
299.6510692901282	12.260569612113688
302.502012898263	11.715979400343393
304.69712963166364	10.752634472801585
307.0628209192403	9.652427228730293
309.3424890612857	8.370732663335492
312.1294357722167	7.394252421825019
313.499784679749	6.08938858402335
314.5363805170904	4.7882939864103164
315.63395258015765	3.6972107141560997
315.9288627536373	2.6755636395744773
316.6256791193233	1.598201935599974
316.76910747417554	0.4224729240864207
317.2857563502637	-0.5738249145172958
29.837886860900124	0.986282734383856
30.357480255451012	2.021123833276654
30.599327362732875	3.1937044174885685
31.117031326758113	4.29750973056721
31.853909231757537	7.401466198087899
32.08630918641121	8.918867853229042
32.83452367456448	11.609039035634662
31.34376298983486	6.02180402826588
32.318709141064886	10.43626950837018
33.6091901900767	13.333711219438463