30.14441260838288	0.3128323248991549
30.48947972284372	4.361528708017861
30.322634035293973	2.430093083713139
30.01519414236506	1.459708470847083
30.940833300738348	6.293689190347603
31.774453804182137	9.859316065535129
31.60844139684916	8.330511436560322
31.3469171370689	7.534722222222225
32.441529326462444	12.004733583477396
34.00929947925837	13.615105558174864
33.267864013177274	12.975453795379536
37.05500560789881	14.130451438000943
40.52142455658525	14.195691890617631
44.92320019797973	14.154748808214155
48.81505602746068	13.432136963696369
52.58660877187446	12.61074154290429
56.16969239859194	12.280763790664778
59.652484178940945	12.046381423856669
63.50365641926215	11.485947813531354
67.36762360206876	10.715529886321963
71.09927215399136	9.947813531353134
74.91559435998244	9.254331683168317
78.68346071097699	8.635710793301556
83.09900263705788	8.34284470113678
87.4259684241041	8.31778663977509
91.67432310170909	7.9045792079207935
95.44795417610979	6.977493582691604
99.30146735724836	6.144671014720522
102.46910832630047	5.298482016569004
104.6199808218771	4.21191421597517
107.00370363929446	3.2135490334747807
109.86753342911706	2.2246057939127297
113.07063000406208	1.7927569542668564
117.19905106118537	2.3565129950495063
120.7347657092017	1.5885785007072144
122.62501352594279	0.4871424642464248
171.8846792567788	0.22337840182828472
174.49211963546085	1.2200907590759087
176.93457641041235	2.191448609146633
179.04883933455798	3.0796450180732364
181.24283453789369	4.0310179455445585
183.00605811947315	5.036657237152287
184.54666675683964	5.984254675467547
186.15600167549934	6.978970218450417
187.76467639933395	7.985767326732674
189.37624864490095	8.939539787312064
191.152403268653	9.92600918255091
192.90287369388776	10.947563059877417
193.86975468949447	11.955903923725703
196.5407078276134	13.008154565456547
199.3687924689555	13.823512559589293
201.10635556139536	14.791313059877414
203.4348296997928	15.934833215464405
206.9845982451485	16.823432343234323
210.82231076347296	17.922854785478545
214.15998927609823	18.507647292507027
217.3873871335221	19.23793316831683
222.13791802677542	19.52970297029703
225.7314904987767	19.52970297029703
230.467741377963	19.321658415841583
233.4956567231665	18.509817499607102
236.62381384996425	17.487314356435643
240.44207702874118	16.420028877887788
243.83456901139957	15.53297014969354
246.63858148231887	14.454690446723244
249.7564819323463	13.416914191419139
252.55494216478635	12.744695898161247
254.3202371076296	11.755215700141441
256.81673082901574	10.86782472890146
259.37648921996026	9.692563006300631
262.25335819101036	8.803286578657868
265.13383822769475	7.847927649907849
267.49783584915866	7.2105335533553365
268.7069643325899	6.395363494682805
270.5050232775034	5.241238409555248
271.9799073193814	4.347041489863269
273.53100058412036	3.3630248441510844
275.0831993084164	2.3587782885431423
275.9739561729397	1.2806999449945025
277.35587873165736	0.3479527640264024