1.6274019901851808	5.399524522099512
5.745572736439161	5.59598771366392
9.868369774488226	5.7070958216091014
13.989470505545771	5.849500793547996
18.276308140162055	5.981128433225937
22.398218472283734	6.108596265531467
26.757898784654973	6.250529184363128
30.35331569247894	6.46693340700574
31.907138608191257	7.39899498512268
32.22972251014944	8.55714858358941
33.281261500757154	9.470044462864173
34.382601665818186	10.47979818627421
35.32597761156863	11.356923217566717
37.09416552619206	12.251610115142533
39.813855382431925	13.111730285683862
43.50305322198709	13.71389613621784
46.409351411547135	14.069337219028391
50.974853732440096	13.934911058338741
54.33047223096386	14.183947943894864
61.76919532622918	13.622295558675248
65.42242374707759	13.255739038778383
68.86602974636669	13.129253650938786
72.2242549604155	13.12705873249823
75.30541669918114	13.15823736903496
78.82417423851922	13.241289587405085
82.98598633737348	13.067865328980176
86.29260269628604	12.56686876951828
90.30169576266046	12.164042121947986
93.96756938108209	11.56418170682522
97.82281254364904	10.952817246105361
101.48159251465154	10.48383462586542
104.93743248557652	10.276730963172326
108.23207188906406	9.996709231302436
110.0871737762975	9.287833334223134
112.1206325770743	8.335340920667797
113.48922539461836	7.461351744163721
114.86783567599605	6.402540359929468
115.90809748064876	5.492121294475307
116.94827292785462	4.583295523915368
118.49541456437944	3.462149175614755
119.534642478488	2.570805390699789
120.74299185696376	1.6062391266079246
121.94995231983617	0.6672983553981844
187.65645503997143	1.1156014513141166
188.59559227437273	2.070930706998201
189.36762784913574	3.0622170446109145
189.97705235149618	4.006609129652521
190.57634424676058	5.137947815616613
191.52167043151886	5.979090937214522
192.13005864451725	6.942602560986835
193.89542075157456	7.88942560815703
195.16577477688253	8.82794214840916
196.10491201128383	9.783271404093242
197.70306451189433	10.768043151809852
199.32328442436736	11.780966656148156
200.41130600938277	12.60115267591435
201.7311596434567	13.64209094723397
202.94906351389827	14.532623331971323
205.25671954517495	15.485920103460098
208.00103583801658	16.21815414781276
211.4411464168383	16.301257769425053
215.5712298644646	16.27793162066994
219.7027783044927	16.227576362102074
224.09794827197715	15.884006729562014
227.89713619896034	15.109798725276907
231.78942824831958	14.359001685096487
235.44543244424503	13.941232115028082
237.696277612278	13.330916280448442
239.2269633575436	12.513381125880823
240.91201303903838	11.894899886282861
242.4442100396237	11.049482071066297
244.14861818211872	10.07383722601275
245.351865274777	9.203408135254715
247.72057807710027	8.159616469962373
249.93096889354743	6.989796905685711
253.29270237887417	5.907184869367903
255.50044849851182	4.786159961226904
256.87248841747567	3.848571763528323
258.0815574413418	2.8707280419845738
259.1241508970592	1.9172900143863174
260.0020463087421	0.9554623608274113