1.2515508295000188	0.1457042831486497
4.873879359574911	0.34925074802330514
8.486407627879455	0.733612042560857
12.103476204374001	1.0342046509928942
15.720544780868547	1.3347972594249278
19.337351668130243	1.6402180342031087
22.95435482231657	1.9420176842216819
26.56978784110579	2.272786332317093
29.85224602618374	2.6528035855892718
31.307839630702393	3.8301321354817652
31.68628629165975	5.37958314833303
33.827719087592044	7.310280185595374
33.43562543698633	6.6220298394358075
36.18421890793667	7.710645453168528
37.71338040428519	8.952611716719197
40.37363692328775	9.639665068289563
46.21757899948162	11.513401144841193
49.31407409173475	12.27736892233322
51.25292471126971	13.070397452689349
54.81864168248997	14.31842717843205
57.90805480987902	15.213057207666447
61.49682823807133	16.035695302274704
65.08926531552359	16.790739068037013
68.68507164184882	17.483620192092793
72.29749523446023	17.869912753168794
75.92647067104959	17.950823792851537
79.57265217469904	17.714282895275687
83.22197394914272	17.419804001546176
86.85212698727992	17.478988292671296
90.50184129557287	17.177267149422576
94.1469760422909	16.96003891723128
97.7959052828853	16.672802273020974
101.45347026816387	16.226236139388106
105.09553016639586	16.065738861763936
108.73562739538147	15.941452831735798
112.40267861535096	15.319865668055414
115.74528970517287	14.590061828801772
118.59579310224285	13.798439305627031
121.11940957483804	12.943743462215433
124.1363331491691	12.128737206971799
127.80479094876517	11.481198649180921
131.47230012489214	10.851162194394789
134.81445325855654	10.129807646246899
137.66876178062796	9.267980566795345
140.52196084938927	8.426622900915437
143.8707957814659	7.581989172062798
147.51954183959725	7.298132244294791
151.13023174104103	7.716411407413958
154.39016720614478	8.511972844210451
157.65002271064958	9.309009554057145
161.2783766353109	9.401387488811967
164.56652074588712	9.67649941664111
166.99291712427657	10.615514311326056
168.93070626686077	11.4281270914237
171.0337259910684	12.239304178967618
173.4644092570678	13.09922599724823
175.89623624520547	13.938046142078537
177.99360846654028	14.85341965762578
179.76338439865842	15.718807632424442
181.36747397373924	16.594040356163035
182.96685089957816	17.556221458415088
184.73452683790964	18.46035431857809
186.83377699102493	19.34107999277471
189.09433737182766	20.292700504536406
191.1942317789115	21.1615396930142
192.96640173136151	21.9827579926896
194.56693214595467	22.923657227425927
196.50143148104016	23.79696695587503
199.26196035646146	24.665374357118615
202.70175410439055	25.18961901418541
206.3318417202195	25.25001034689707
209.48487395345168	24.970867873325737
212.65654336673614	24.347869427790364
216.29781819726958	24.201856649204608
219.96189270221535	23.635189877711547
223.62361200406545	23.11197660333373
227.1288607713619	22.42857615307267
229.81656153328018	21.59359371004854
231.51449158218108	20.73746969180737
233.54558788994783	19.828565274286916
236.71965339527057	19.16135893064471
240.3923963560546	18.434759148935818
243.7377806248302	17.653790157986293
246.4273239074066	16.784813208819493
249.4472363466186	15.914662396522468
252.62715633074757	15.139440918905251
255.1480601808204	14.33479296103166
257.0146003909342	13.4148800068103
257.89256005666977	12.451866865978904
258.7964737334082	11.619415929825042
260.13127662971345	10.75943709249805
262.00515869147284	9.704066975415572
263.7071159273813	8.773641356883857
265.5696428416017	7.927773711895082
267.43239216051666	7.077802700293802
268.97649809290317	6.0126650933443635
269.85229253984926	5.089600239179703
270.89805323489014	4.077726646062668
272.8540288445532	2.117144277836527
273.8609566747251	1.2123233338738615
275.038103866364	0.14631107505732288